208
320
256
144
128
112
96
288
208
176
112
256
192
240
112
240
192
64
128
176
176
176
336
128
176
32
224
336
64
64
256
256
128
288
32
192
256
144
32
96
192
336
112
176
256
176
80
320
288
304
80
48
224
80
128
192
112
64
32
224
256
256
176
96
128
256
112
160
192
288
160
336
336
64
128
176
96
160
64
288
112
48
176
96
96
48
64
288
336
192
320
176
80
208
256
192
64
144
288
144
224
80
48
112
128
48
96
208
48
208
192
288
224
128
144
272
64
272
48
224
256
304
32
208
160
80
256
32
176
32
336
112
256
112
128
160
208
208
272
64
144
288
208
224
112
176
256
176
48
208
144
48
272
32
112
112
112
128
64
112
160
320
112
48
240
176
272
304
288
320
96
304
240
192
320
336
192
128
48
64
320
160
32
320
64
240
304
144
224
256
144
144
256
320
320
304
80
176
256
320
272
256
32
144
208
144
176
32
80
208
64
240
96
272
32
160
128
224
128
176
80
64
80
320
208
64
192
304
112
288
208
208
240
272
176
160
288
272
144
224
80
336
64
256
240
192
64
80
208
48
32
128
336
208
288
128
336
256
288
96
224
224
64
256
288
64
112
176
192
320
112
224
80
32
64
160
32
160
112
32
272
304
64
304
144
112
304
96
128
48
96
128
144
80
128
288
128
272
192
240
224
224
96
48
304
48
192
336
112
224
80
96
80
160
192
144
32
64
336
80
304
96
112
144
32
192
192
64
48
96
304
320
208
96
192
224
160
48
32
80
192
80
48
288
160
80
144
256
48
48
128
176
192
320
304
208
112
160
240
224
240
208
128
176
272
320
256
64
48
304
176
64
240
48
192
272
272
288
160
160
224
176
144
144
288
304
336
320
288
208
192
80
32
96
32
320
64
144
